0.112337971	-1.035628825
0.112366426	-1.03691413
0.112424083	-1.0374704
0.112424083	-1.037216414
0.112453286	-1.037184207
0.112510944	-1.037220226
0.112568602	-1.037301967
0.112597805	-1.037181941
0.112655462	-1.037347797
0.112684666	-1.037045674
0.11271312	-1.037266162
0.112770778	-1.037306317
0.112770778	-1.036708497
0.112799981	-1.03690541
0.112857638	-1.036781451
0.112886842	-1.037419671
0.112915296	-1.037580559
0.112973702	-1.037230258
0.113002157	-1.037114513
0.113059814	-1.037817483
0.113089018	-1.037463085
0.113117472	-1.037304896
0.113175878	-1.03739131
0.113204333	-1.037177649
0.113233536	-1.037610911
0.11326199	-1.037701812
0.113320397	-1.037387616
0.113348851	-1.037542965
0.113378054	-1.037453436
0.113406509	-1.037826231
0.113435712	-1.036623471
0.11349337	-1.037436262
0.113551027	-1.03786465
0.11358023	-1.037673814
0.113608685	-1.038499277
0.113667091	-1.038267378
0.113695546	-1.037848899
0.113724749	-1.037401861
0.113753203	-1.037172771
0.11381161	-1.037451956
0.113840064	-1.037871241
0.113869267	-1.03830236
0.113926925	-1.037521761
0.113955379	-1.037540798
0.113984582	-1.038371674
0.114013786	-1.037861357
0.114071443	-1.038047323
0.114099898	-1.038215963
0.114158304	-1.03759604
0.114158304	-1.038660141
0.114215962	-1.038542796
0.114244416	-1.038763619
0.114273619	-1.038716551
0.114302074	-1.038745263
0.11436048	-1.038569172
0.114388934	-1.038448668
0.114418138	-1.038235657
0.114446592	-1.037905302
0.114504998	-1.038545618
0.114533453	-1.03786305
0.11459111	-1.038124197
0.11459111	-1.038407352
0.114649517	-1.038021998
0.114649517	-1.038490664
0.114707174	-1.03828005
0.114735629	-1.038461669
0.114793286	-1.038347092
0.11482249	-1.0383789
0.114851693	-1.037932881
0.11490935	-1.03804377
0.114937805	-1.038189875
0.114967008	-1.038275831
0.114996211	-1.038289449
0.115053869	-1.038726248
0.115082323	-1.037885583
0.115111526	-1.038150575
0.11514073	-1.038376762
0.115198387	-1.037865985
0.115226842	-1.038381911
0.115284499	-1.038465036
0.115313702	-1.038470177
0.115342906	-1.038229947
0.115400563	-1.038035966
0.115429018	-1.038065677
0.115458221	-1.038217441
0.115515878	-1.038663759
0.115545082	-1.038849785
0.115573536	-1.038727868
0.115631194	-1.038704207
0.115631194	-1.038812273
0.1156896	-1.038476848
0.115718054	-1.038322769
0.115775712	-1.038659382
0.115804915	-1.038395157
0.115834118	-1.039067541
0.115891776	-1.039108321
0.11592023	-1.038951681
0.115949434	-1.038530063
0.115978637	-1.038804649
0.116007091	-1.038535155
0.116036294	-1.038485107
0.116093952	-1.03889214
0.11615161	-1.038737803
0.11615161	-1.038631431
0.116209267	-1.039008516
0.11623847	-1.039224095
0.116296128	-1.039011236
0.116325331	-1.039102069
0.116353786	-1.039375054
0.116411443	-1.039691625
0.116411443	-1.039623542
0.116469101	-1.039333577
0.116498304	-1.039038102
0.116527507	-1.039064547
0.116585165	-1.039247459
0.116613619	-1.039389135
0.116642822	-1.038870264
0.116672026	-1.039358505
0.116729683	-1.039557021
0.116787341	-1.04011695
0.116844998	-1.039359072
0.116844998	-1.039246473
0.116874202	-1.039651601
0.116902656	-1.039432526
0.116960314	-1.039796332
0.116989517	-1.039577132
0.11701872	-1.039124166
0.117047174	-1.039811711
0.117104832	-1.039889488
0.117134035	-1.039351724
0.117191693	-1.039522771
0.117220896	-1.040175861
0.117278554	-1.039901954
0.117307008	-1.039981253
0.117336211	-1.039312913
0.117365414	-1.040092112
0.117423072	-1.039983819
0.117423072	-1.039491102
0.11748073	-1.03965776
0.117509933	-1.039852255
0.117538387	-1.04031582
0.117596045	-1.040243298
0.117625248	-1.040310237
0.117682906	-1.040119387
0.117712109	-1.040074083
0.117769766	-1.039677104
0.117769766	-1.039317612
0.117827424	-1.039662349
0.117856627	-1.039849948
0.117885082	-1.039383041
0.117914285	-1.039447205
0.117971942	-1.039983841
0.118001146	-1.03988445
0.1180296	-1.03980293
0.118087258	-1.040054685
0.118144915	-1.04017458
0.118174118	-1.039739348
0.118203322	-1.039729873
0.118231776	-1.039740935
0.118260979	-1.040831889
0.118318637	-1.040768678
0.11834784	-1.040552275
0.118376294	-1.040783766
0.118405498	-1.040435058
0.118433952	-1.040177804
0.118492358	-1.040066786
0.118550016	-1.040007595
0.11857847	-1.04025506
0.118607674	-1.040522314
0.118665331	-1.040744879
0.118694534	-1.039612329
0.118722989	-1.040018569
0.118752192	-1.040601683
0.11880985	-1.041079578
0.118839053	-1.04070271
0.118867507	-1.040194125
0.118925165	-1.040977292
0.118925165	-1.04096243
0.118954368	-1.040529087
0.119012026	-1.040463624
0.119069683	-1.040703288
0.119098886	-1.040290895
0.119127341	-1.040253986
0.119156544	-1.040503846
0.119214202	-1.041027727
0.119243405	-1.040878795
0.119271859	-1.040734682
0.119330266	-1.040597665
0.11935872	-1.040692247
0.119387923	-1.040533479
0.119416378	-1.040724424
0.119445581	-1.041039465
0.119503238	-1.040730117
0.119560896	-1.040576804
0.119590099	-1.040845262
0.119618554	-1.040734697
0.119647757	-1.040533403
0.119705414	-1.040450481
0.119734618	-1.041160405
0.119763072	-1.040563183
0.119792275	-1.040701296
0.119821478	-1.041676738
0.119879136	-1.041165347
0.11990759	-1.041344203
0.119965248	-1.040805444
0.119994451	-1.040634908
0.120052109	-1.040909302
0.120081312	-1.04063217
0.120109766	-1.040624166
0.12013897	-1.041270327
0.120168173	-1.041345493
0.12022583	-1.041214569
0.120254285	-1.041605066
0.120283488	-1.041248515
0.120311942	-1.040920053
0.120370349	-1.041198679
0.120428006	-1.041756493
0.120456461	-1.041853635
0.120485664	-1.041920857
0.120514867	-1.041268902
0.120543322	-1.041511945
0.120600979	-1.041082119
0.120630182	-1.040903551
0.120659386	-1.041275607
0.12068784	-1.041507189
0.120745498	-1.041297406
0.120774701	-1.041652262
0.120803155	-1.041372458
0.120832358	-1.04118493
0.120890016	-1.041609855
0.120919219	-1.041825661
0.120947674	-1.041993491
0.12100608	-1.041973131
0.121063738	-1.041479374
0.121063738	-1.042293676
0.121121395	-1.042365874
0.12114985	-1.042237864
0.121179053	-1.042311587
0.121208256	-1.042730915
0.121265914	-1.042503938
0.121323571	-1.042007881
0.121352774	-1.042193887
0.121381229	-1.042253951
0.121438886	-1.042309303
0.12146809	-1.042392663
0.121497293	-1.042269886
0.121525747	-1.042139443
0.12155495	-1.042420368
0.121612608	-1.042204442
0.121641062	-1.04226746
0.121670266	-1.04259866
0.121727923	-1.0428368
0.121757126	-1.042832573
0.121757126	-1.042761025
0.121843987	-1.04212955
0.121872442	-1.04303922
0.121930099	-1.042555415
0.121959302	-1.042247149
0.121987757	-1.042681469
0.12201696	-1.042557215
0.122046163	-1.042888935
0.122074618	-1.043348049
0.122132275	-1.043324449
0.122161478	-1.042569513
0.122190682	-1.042673026
0.122219136	-1.043571356
0.122276794	-1.043699471
0.122305997	-1.043852739
0.122363654	-1.0440807
0.122392858	-1.043327799
0.122421312	-1.043041879
0.12247897	-1.0434387
0.122508173	-1.043870533
0.122537376	-1.043766356
0.12256583	-1.043587228
0.122623488	-1.043642516
0.122623488	-1.043854052
0.122681894	-1.043631269
0.122739552	-1.043553473
0.12279721	-1.043203549
0.12279721	-1.043772777
0.122854867	-1.043783146
0.12288407	-1.04395447
0.122912525	-1.043894775
0.122970182	-1.04385636
0.122999386	-1.043890553
0.123028589	-1.044277004
0.123057043	-1.043837271
0.123086246	-1.043446156
0.123143904	-1.044448435
0.123173107	-1.043820977
0.123201562	-1.043659987
0.123259219	-1.043363495
0.123288422	-1.043645711
0.123316877	-1.043548504
0.123375283	-1.04342028
0.123403738	-1.043443182
0.123432941	-1.044582463
0.123461395	-1.044098495
0.123519802	-1.044104092
0.123548256	-1.043819369
0.123577459	-1.0441272
0.123605914	-1.04424351
0.12366432	-1.04423712
0.123721978	-1.044220719
0.123750432	-1.044683677
0.123779635	-1.044875707
0.12380809	-1.044578764
0.123866496	-1.044521559
0.12389495	-1.04503147
0.123924154	-1.045461105
0.123981811	-1.044565536
0.124011014	-1.04502557
0.124068672	-1.044990715
0.124097126	-1.044655572
0.12412633	-1.044282027
0.124183987	-1.044625326
0.12421319	-1.045063641
0.124241645	-1.044326212
0.124270848	-1.044853526
0.124328506	-1.045079854
0.124357709	-1.04542716
0.124386163	-1.045174939
0.124415366	-1.044785986
0.124443821	-1.044778057
0.124502227	-1.04530628
0.124530682	-1.045756581
0.124588339	-1.045118709
0.124617542	-1.045238265
0.124645997	-1.045360289
0.124704403	-1.045128771
0.124732858	-1.045016623
0.124762061	-1.045253284
0.124790515	-1.045353882
0.124848922	-1.045586062
0.124906579	-1.045409476
0.124906579	-1.045910884
0.124935034	-1.045269847
0.124992691	-1.045721155
0.125021894	-1.045755253
0.125079552	-1.045960727
0.125108755	-1.046377956
0.12513721	-1.046163465
0.125166413	-1.046050471
0.125195616	-1.046071515
0.125253274	-1.046177889
0.125281728	-1.046235059
0.125340134	-1.045397339
0.125368589	-1.045796701
0.125397792	-1.045784996
0.125426246	-1.046095355
0.12545545	-1.046091873
0.125513107	-1.046522492
0.12554231	-1.046367918
0.125599968	-1.046616262
0.125628422	-1.046823669
0.125657626	-1.046553868
0.125715283	-1.047169532
0.125744486	-1.046736332
0.125772941	-1.045972816
0.125802144	-1.045544559
0.125859802	-1.046271582
0.125889005	-1.046585724
0.125917459	-1.04631633
0.125946662	-1.046424556
0.12600432	-1.04592105
0.126061978	-1.046153656
0.126091181	-1.046109762
0.126119635	-1.046179506
0.126148838	-1.046547809
0.126178042	-1.046722485
0.126235699	-1.047254275
0.126264154	-1.046672741
0.126293357	-1.046351563
0.126321811	-1.046442514
0.126351014	-1.046685433
0.126380218	-1.047341646
0.126437875	-1.047293904
0.12646633	-1.047094404
0.126524736	-1.047907505
0.12655319	-1.047741353
0.126582394	-1.047582424
0.126610848	-1.047755315
0.126668506	-1.047510551
0.126697709	-1.047642317
0.126726912	-1.047777476
0.126755366	-1.047182097
0.12678457	-1.048251286
0.126813024	-1.048517985
0.12687143	-1.049129741
0.126929088	-1.048215075
0.126957542	-1.048171961
0.126986746	-1.048424287
0.127044403	-1.048327069
0.127073606	-1.047927201
0.127131264	-1.048081332
0.127159718	-1.048252498
0.127159718	-1.048240436
0.127218125	-1.049045566
0.127246579	-1.048608038
0.127275782	-1.048014774
0.127304237	-1.048283026
0.127362643	-1.048891287
0.127391098	-1.048945791
0.127448755	-1.049515171
0.127477958	-1.049181049
0.127535616	-1.049410281
0.127564819	-1.04951274
0.127593274	-1.049281018
0.127622477	-1.048851199
0.127680134	-1.049130831
0.127680134	-1.050272309
0.127737792	-1.048997976
0.127766995	-1.049320101
0.127824653	-1.049617233
0.127853856	-1.050271112
0.127911514	-1.049508656
0.127911514	-1.049488324
0.127969171	-1.049863722
0.127997626	-1.049828716
0.128026829	-1.050463782
0.128084486	-1.050087131
0.12811369	-1.050545516
0.128142144	-1.050495037
0.12820055	-1.050248272
0.128229005	-1.049989357
0.128286662	-1.050743796
0.128315866	-1.050266385
0.128345069	-1.050234914
0.128402726	-1.050604515
0.128431181	-1.050973359
0.128460384	-1.051031387
0.128488838	-1.051593317
0.128518042	-1.051129589
0.128547245	-1.050883657
0.128575699	-1.051054048
0.128633357	-1.051853295
0.12866256	-1.051227272
0.128691763	-1.050866239
0.128749421	-1.050800624
0.128777875	-1.051968463
0.128835533	-1.051474955
0.128864736	-1.051362495
0.128922394	-1.051609278
0.128951597	-1.051518667
0.128980051	-1.05113866
0.129009254	-1.051272566
0.129066912	-1.052039215
0.129096115	-1.051784497
0.12912457	-1.051899279
0.129182976	-1.052058321
0.12921143	-1.052297049
0.129240634	-1.052280737
0.129298291	-1.052305222
0.129326746	-1.052320457
0.129355949	-1.052084497
0.129413606	-1.052814223
0.12944281	-1.053554412
0.129471264	-1.053237167
0.129500467	-1.05371928
0.129558125	-1.053268494
0.129587328	-1.053221545
0.129587328	-1.052866932
0.129644986	-1.052951973
0.12967344	-1.052800296
0.129731846	-1.053672464
0.129760301	-1.053533372
0.129817958	-1.053388296
0.129847162	-1.053328379
0.129876365	-1.053439748
0.129904819	-1.053451263
0.129962477	-1.053762313
0.12999168	-1.054067245
0.130020883	-1.054392427
0.130078541	-1.053759392
0.130078541	-1.053866045
0.130136198	-1.054695162
0.130193856	-1.054145333
0.130223059	-1.054014602
0.130251514	-1.055059205
0.130309171	-1.054484838
0.130338374	-1.054905643
0.130367578	-1.055122564
0.130396032	-1.055441172
0.130425235	-1.05591438
0.130482893	-1.055982139
0.130482893	-1.056053321
0.13054055	-1.055171928
0.130598208	-1.055767732
0.130627411	-1.056142591
0.130685069	-1.056677586
0.130714272	-1.056810093
0.130742726	-1.05693651
0.130800384	-1.057317702
0.130800384	-1.057416076
0.13085879	-1.057016652
0.130887245	-1.057250741
0.130916448	-1.057723447
0.130974106	-1.057754068
0.13100256	-1.058236488
0.131031763	-1.058567523
0.131060966	-1.058537396
0.131118624	-1.058523271
0.131147078	-1.05830065
0.131176282	-1.058741713
0.131233939	-1.059435484
0.131263142	-1.059579429
0.131291597	-1.059875307
0.1313208	-1.060381994
0.131350003	-1.059642658
0.131378458	-1.059380441
0.131465318	-1.059967737
0.131493773	-1.061761624
0.131522976	-1.061565602
0.131580634	-1.061440194
0.131580634	-1.061916456
0.131638291	-1.063129019
0.131667494	-1.062846025
0.131696698	-1.06237222
0.131754355	-1.06283037
0.13178281	-1.062946506
0.131812013	-1.062945313
0.131840467	-1.063650964
0.131898874	-1.064166887
0.131927328	-1.064731869
0.131956531	-1.065011228
0.132014189	-1.065989959
0.132043392	-1.065997015
0.132071846	-1.065985509
0.132129504	-1.066167114
0.132158707	-1.067869649
0.132216365	-1.067623568
0.132245568	-1.067786474
0.132274022	-1.069109742
0.132303226	-1.069759781
0.132360883	-1.069725288
0.132390086	-1.070416262
0.132418541	-1.072189583
0.132476198	-1.072090116
0.132505402	-1.072238373
0.132534605	-1.07380412
0.132592262	-1.07410551
0.132620717	-1.073942562
0.13264992	-1.07408814
0.132678374	-1.075057553
0.132707578	-1.075208466
0.132765235	-1.075598148
0.132794438	-1.077138637
0.132822893	-1.078390605
0.132881299	-1.07923732
0.132909754	-1.080118107
0.132967411	-1.080946506
0.132967411	-1.082255633
0.133025818	-1.082583376
0.133083475	-1.08428273
0.133083475	-1.086013316
0.133141133	-1.0866427
0.133169587	-1.088633792
0.13319879	-1.090562869
0.133256448	-1.090896108
0.133285651	-1.092940115
0.133314106	-1.096459832
0.133372512	-1.097664701
0.133400966	-1.098331921
0.133458624	-1.100926091
0.133458624	-1.103434328
0.133516282	-1.103997456
0.133545485	-1.105433435
0.133574688	-1.108177944
0.133632346	-1.108833058
0.1336608	-1.109602063
0.133690003	-1.111654873
0.133747661	-1.11319554
0.133776864	-1.113805054
0.133805318	-1.114233725
0.133863725	-1.115857535
0.133892179	-1.116712179
0.133921382	-1.11659135
0.133949837	-1.117327099
0.134007494	-1.119589099
0.134036698	-1.120414714
0.134065901	-1.121853491
0.134123558	-1.125044413
0.134123558	-1.12810719
0.134152013	-1.129793905
0.134210419	-1.134529082
0.134238874	-1.143073953
0.134325734	-1.146092484
0.134325734	-1.148958495
0.134383392	-1.160423706
0.134412595	-1.168064175
0.134470253	-1.1724037
0.134498707	-1.184349086
0.134498707	-1.200251758
0.134557114	-1.207203114
0.134585568	-1.213289155
0.134614771	-1.248694306
0.134672429	-1.295517736
0.134701632	-1.30275183
0.134730086	-1.318683718
0.134787744	-1.357054519
0.134816947	-1.371305913
0.134874605	-1.38193503
0.134903808	-1.414790421
0.134932262	-1.454878336
0.13498992	-1.47488658
0.13498992	-1.493571314
0.135048326	-1.404907574
0.135076781	-1.45071556
0.135105984	-1.461865438
0.135134438	-1.47488339
0.135192096	-1.475593222
0.135221299	-1.464744986
0.135278957	-1.458148009
0.13530816	-1.467831235
0.135365818	-1.485290875
0.135395021	-1.473709205
0.135423475	-1.432870881
0.135452678	-1.44040562
0.135481133	-1.438889273
0.135539539	-1.43956028
0.135567994	-1.432529903
0.135597197	-1.429145816
0.135654854	-1.430025218
0.135683309	-1.43060562
0.135712512	-1.443833742
0.13577017	-1.440297598
0.135799373	-1.43800557
0.135827827	-1.433721277
0.13585703	-1.43883648
0.135914688	-1.441991218
0.135943891	-1.448122327
0.135972346	-1.474612358
0.136001549	-1.467540433
0.136059206	-1.463818931
0.13608841	-1.474061631
0.136116864	-1.479887188
0.136174522	-1.487646906
0.136203725	-1.5020898
0.136261382	-1.512255973
0.136290586	-1.528178515
0.13631904	-1.537399483
0.136348243	-1.562698475
0.136405901	-1.58914852
0.136435104	-1.5988028
0.136463558	-1.611311883
0.136492762	-1.62805366
0.136550419	-1.642972193
0.136579622	-1.65528518
0.136608077	-1.700792136
0.136665734	-1.761293173
0.136694938	-1.742729062
0.136724141	-1.723757442
0.136781798	-1.656738744
0.136810253	-1.599943314
0.136839456	-1.578543257
0.136868659	-1.542425972
0.136897114	-1.533874884
0.136954771	-1.533045903
0.136983974	-1.529499002
0.137012429	-1.468284592
0.137070835	-1.342397887
0.13709929	-1.311950937
0.137156947	-1.245606987
0.13718615	-1.135092608
0.137215354	-1.100800663
0.137273011	-1.084985749
0.137301466	-1.059603472
0.137330669	-1.053207094
0.137359123	-1.051534978
0.137388326	-1.047782301
0.137445984	-1.041349083
0.137475187	-1.038385683
0.137532845	-1.037043176
0.137562048	-1.033117814
0.137590502	-1.029538543
0.13764816	-1.029702713
0.137677363	-1.029795062
0.137706566	-1.027832341
0.137735021	-1.027166405
0.137764224	-1.026671559
0.137821882	-1.026184622
0.137850336	-1.026850563
0.137879539	-1.027136236
0.137908742	-1.026671554
0.1379664	-1.025615059
0.137994854	-1.025657266
0.138053261	-1.025528735
0.138081715	-1.025986642
0.138110918	-1.026564012
0.138168576	-1.026691968
0.13819703	-1.0270078
0.138226234	-1.025581659
0.138283891	-1.025880529
0.138283891	-1.026191723
0.138341549	-1.026716896
0.138370752	-1.026984205
0.13842841	-1.026918078
0.138486067	-1.026852568
0.138486067	-1.027360524
0.138544474	-1.028434528
0.138572928	-1.027968823
0.138602131	-1.027920349
0.138630586	-1.028622832
0.138688243	-1.028624821
0.138717446	-1.028409657
0.13874665	-1.028855726
0.138804307	-1.028172155
0.138832762	-1.028370532
0.138861965	-1.029748857
0.138919622	-1.030325927
0.138948826	-1.03030969
0.139006483	-1.030373156
0.139034938	-1.030544536
0.139064141	-1.030610769
0.139093344	-1.030626892
0.139121798	-1.03113404
0.139179456	-1.030642358
0.139208659	-1.031354272
0.139237862	-1.031158854
0.13929552	-1.032124521
0.139323974	-1.032068958
0.139353178	-1.03212286
0.139382381	-1.031968043
0.139440038	-1.032716053
0.139497696	-1.032643017
0.13952615	-1.0324879
0.13952615	-1.032715092
0.139584557	-1.033834186
0.139613011	-1.033601458
0.139670669	-1.033283708
0.139699872	-1.033726871
0.139729075	-1.033715706
0.13975753	-1.033602229
0.139815187	-1.033517658
0.13984439	-1.033271502
0.139902048	-1.03373801
0.139931251	-1.034299468
0.139959706	-1.034164284
0.139988909	-1.03538788
0.140017363	-1.03544337
0.14007577	-1.035158577
0.140104224	-1.034680443
0.140133427	-1.035250002
0.140161882	-1.035579335
0.140220288	-1.035328959
0.140248742	-1.035183608
0.140277946	-1.03487891
0.140335603	-1.035262649
0.140393261	-1.035853679
0.140422464	-1.035974799
0.140480122	-1.036007044
0.140480122	-1.035814328
0.140537779	-1.035866849
0.140566982	-1.035958185
0.140595437	-1.035585141
0.14062464	-1.03557991
0.140682298	-1.035822999
0.140711501	-1.035924485
0.140739955	-1.036673027
0.140797613	-1.036299802
0.140826816	-1.036706492
0.14085527	-1.037567987
0.140913677	-1.037047131
0.140942131	-1.037027105
0.140999789	-1.036956979
0.141028992	-1.036650989
0.141058195	-1.036965057
0.14108665	-1.036749888
0.141115853	-1.037161816
0.141144307	-1.0378587
0.141201965	-1.038041669
0.141231168	-1.038019728
0.141288826	-1.037664892
0.141318029	-1.037953446
0.141346483	-1.03802999
0.141375686	-1.037779253
0.141433344	-1.038005586
0.141462547	-1.037268536
0.141491002	-1.03757993
0.141549408	-1.037828684
0.141549408	-1.038201591
0.141607066	-1.038176523
0.14163552	-1.038233802
0.141693178	-1.03910946
0.141722381	-1.038883114
0.141780038	-1.038765376
0.141809242	-1.038767284
0.141837696	-1.038627113
0.141866899	-1.039181114
0.141896102	-1.039046277
0.14195376	-1.038933716
0.14195376	-1.039078811
0.142011418	-1.039119303
0.142039872	-1.039224587
0.142069075	-1.03951676
0.142098278	-1.039073291
0.142155936	-1.03910543
0.14218439	-1.039779299
0.142242797	-1.039634283
0.142271251	-1.039196105
0.142300454	-1.039160049
0.142328909	-1.039302958
0.142358112	-1.039769253
0.14241577	-1.040112001
0.142444973	-1.040086422
0.142473427	-1.040230224
0.14250263	-1.03979912
0.142560288	-1.039812974
0.142589491	-1.040729755
0.142647149	-1.04035829
0.142675603	-1.040171132
0.14273401	-1.040413739
0.142762464	-1.040514502
0.142820122	-1.040603221
0.142820122	-1.040570405
0.142849325	-1.041150259
0.142906982	-1.040999705
0.142936186	-1.041078352
0.14296464	-1.041591081
0.142993843	-1.040900074
0.143022298	-1.041234757
0.143080704	-1.041478565
0.143109158	-1.041333375
0.143166816	-1.040781543
0.143196019	-1.041170179
0.143253677	-1.041709378
0.14328288	-1.041915414
0.143311334	-1.041366507
0.143340538	-1.041076161
0.143368992	-1.04135117
0.143427398	-1.041875749
0.143427398	-1.042048768
0.143485056	-1.04262883
0.143542714	-1.042750745
0.143571917	-1.041963667
0.143629574	-1.042459179
0.143658029	-1.043316408
0.143687232	-1.043206328
0.143716435	-1.043010704
0.143774093	-1.042369011
0.143802547	-1.042829982
0.14383175	-1.042876227
0.143860205	-1.042910409
0.143889408	-1.043187737
0.143947066	-1.042998062
0.143976269	-1.04419747
0.144033926	-1.04469442
0.14406313	-1.044572338
0.144091584	-1.04439382
0.144149242	-1.044633438
0.144178445	-1.044452698
0.144206899	-1.044311175
0.144236102	-1.044321674
0.14429376	-1.044419226
0.14429376	-1.044564767
0.144351418	-1.044142432
0.144380621	-1.044604451
0.144438278	-1.045053398
0.144467482	-1.044609986
0.144525139	-1.045031905
0.144554342	-1.044641752
0.144582797	-1.044553218
0.144612	-1.043868957
0.144669658	-1.044484431
0.144698112	-1.045119773
0.144727315	-1.044863371
0.144756518	-1.044951823
0.144814176	-1.044779158
0.14484263	-1.044953684
0.144871834	-1.045727912
0.144929491	-1.044784312
0.144958694	-1.044578032
0.145016352	-1.045409899
0.145044806	-1.044850602
0.145103213	-1.044537571
0.145131667	-1.044779937
0.14516087	-1.045107192
0.145189325	-1.045324681
0.145218528	-1.045069796
0.145247731	-1.045382038
0.145276186	-1.045935756
0.145333843	-1.04519671
0.14539225	-1.044491292
0.145420704	-1.044789162
0.145449907	-1.045255695
0.145478362	-1.045345105
0.145536019	-1.045162784
0.145565222	-1.045776441
0.14562288	-1.04579041
0.145652083	-1.045887855
0.145652083	-1.04506998
0.145709741	-1.045188628
0.145738944	-1.04530779
0.145767398	-1.045374112
0.145796602	-1.045718584
0.145854259	-1.045695667
0.145911917	-1.045871367
0.14594112	-1.045866771
0.145969574	-1.045821984
0.146027232	-1.045728776
0.146056435	-1.046156616
0.146085638	-1.046243194
0.146114093	-1.045755252
0.146143296	-1.04564245
0.146200954	-1.045815324
0.146230157	-1.046326248
0.146258611	-1.046129729
0.146287814	-1.046495961
0.146345472	-1.047887675
0.14640313	-1.046954632
0.146432333	-1.04666979
0.146460787	-1.047166726
0.14648999	-1.047113484
0.146518445	-1.047316025
0.146576851	-1.047176408
0.146605306	-1.04614355
0.146634509	-1.047043642
0.146692166	-1.047152522
0.146720621	-1.046437851
0.146749824	-1.046761623
0.146807482	-1.047034194
0.146836685	-1.047132602
0.146894342	-1.047106225
0.146923546	-1.04744929
0.146952	-1.047283097
0.146981203	-1.047163704
0.147009658	-1.047011429
0.147038861	-1.046777544
0.147096518	-1.046755263
0.147125722	-1.046504404
0.147154176	-1.047315118
0.147211834	-1.047244042
0.147241037	-1.047078134
0.147298694	-1.047203706
0.147327898	-1.046966752
0.147356352	-1.04683992
0.147385555	-1.046996952
0.147443213	-1.047251094
0.147472416	-1.047463418
0.14750087	-1.04745436
0.147530074	-1.047124702
0.147587731	-1.047375249
0.147616934	-1.047263449
0.147645389	-1.046976758
0.147703046	-1.047758082
0.14773225	-1.047725098
0.147789907	-1.047897493
0.14781911	-1.048193935
0.147847565	-1.048151056
0.147876768	-1.048231636
0.147934426	-1.047688487
0.147963629	-1.047588433
0.147992083	-1.047626038
0.148021286	-1.04769551
0.148049741	-1.048417712
0.148108147	-1.047442555
0.148136602	-1.047499089
0.148194259	-1.048329861
0.148223462	-1.04744823
0.14828112	-1.048259291
0.14828112	-1.048668142
0.148338778	-1.048643568
0.148367981	-1.048033953
0.148397184	-1.048200546
0.148425638	-1.048555366
0.148454842	-1.049362149
0.148512499	-1.049052367
0.148540954	-1.04856952
0.14859936	-1.048608148
0.148627814	-1.048208466
0.148657018	-1.048251152
0.148714675	-1.048331022
0.148743878	-1.04918828
0.148772333	-1.049103906
0.14882999	-1.048947264
0.148859194	-1.04945044
0.148916851	-1.049483258
0.148916851	-1.049056367
0.148974509	-1.049154081
0.149003712	-1.049025675
0.149032166	-1.0495686
0.149090573	-1.049666284
0.149119027	-1.049648062
0.14914823	-1.049228754
0.149205888	-1.049098408
0.149235091	-1.04936263
0.149263546	-1.049581729
0.149292749	-1.049205909
0.149350406	-1.049489752
0.149378861	-1.050491594
0.149408064	-1.049369263
0.149465722	-1.049470787
0.149494925	-1.049607171
0.149523379	-1.049547611
0.149581786	-1.050470067
0.14961024	-1.050265617
0.149667898	-1.04993003
0.149697101	-1.050300304
0.149725555	-1.0504693
0.149754758	-1.050348367
0.149783962	-1.050035348
0.149812416	-1.049809187
0.149841619	-1.050334976
0.149899277	-1.050888616
0.14992848	-1.051150089
0.149986138	-1.050746409
0.150014592	-1.050614967
0.150072998	-1.05052202
0.150101453	-1.050092645
0.150130656	-1.050724693
0.15015911	-1.051604207
0.150188314	-1.050321146
0.150216768	-1.050259877
0.150275174	-1.050138245
0.150303629	-1.049925839
0.150361286	-1.050481941
0.15039049	-1.051225494
0.150419693	-1.051313366
0.15047735	-1.050978717
0.150505805	-1.050745062
0.150535008	-1.050313421
0.150592666	-1.050575563
0.150621869	-1.050895029
0.150650323	-1.050523028
0.150679526	-1.050554854
0.150737184	-1.050948637
0.150766387	-1.051117224
0.150794842	-1.051121432
0.150852499	-1.050690265
0.150881702	-1.051256947
0.150910906	-1.050831192
0.15093936	-1.050820334
0.150997018	-1.051462157
0.151026221	-1.051054362
0.151054675	-1.050985621
0.151113082	-1.051572244
0.151141536	-1.050798636
0.151199194	-1.050702022
0.151199194	-1.051010439
0.1512576	-1.051003402
0.151286054	-1.051137967
0.151315258	-1.051234835
0.151343712	-1.051175994
0.15140137	-1.051794471
0.151430573	-1.051146474
0.151459776	-1.050922844
0.151517434	-1.051371762
0.151575091	-1.051177723
0.151604294	-1.05138691
0.151632749	-1.051023614
0.151661952	-1.051656918
0.151690406	-1.051754546
0.151748813	-1.051414615
0.151748813	-1.051056434
0.15180647	-1.051432472
0.151864128	-1.051232396
0.151921786	-1.051417643
0.151950989	-1.051709381
0.151950989	-1.051412163
0.152008646	-1.05118833
0.152037101	-1.051482506
0.152066304	-1.051954503
0.152123962	-1.051892915
0.152153165	-1.051464707
0.152181619	-1.05220288
0.152210822	-1.051487349
0.15226848	-1.0510162
0.152326138	-1.050997071
0.152355341	-1.051793792
0.152383795	-1.051664022
0.152442202	-1.051683729
0.152442202	-1.051792721
0.152470656	-1.051534826
0.152528314	-1.051868143
0.152557517	-1.0523728
0.152615174	-1.052111746
0.152615174	-1.051353967
0.152672832	-1.051762057
0.152702035	-1.051946623
0.152759693	-1.051943744
0.152788896	-1.052074487
0.15281735	-1.051922001
0.152875008	-1.052085259
0.152904211	-1.051483684
0.152961869	-1.051243591
0.152961869	-1.052036472
0.153019526	-1.052081584
0.15304873	-1.052255791
0.153106387	-1.052519018
0.153106387	-1.052494835
0.153164045	-1.05306312
0.153221702	-1.052673946
0.153250906	-1.052465248
0.153280109	-1.052723019
0.153308563	-1.052507588
0.153366221	-1.052523298
0.153395424	-1.05303384
0.153424627	-1.052707434
0.153482285	-1.052454332
0.153510739	-1.052694094
0.153539942	-1.052885945
0.153568397	-1.052570258
0.153626803	-1.052565
0.153626803	-1.052652979
0.153684461	-1.052918337
0.153742118	-1.052726821
0.153771322	-1.052741669
0.153799776	-1.053498461
0.153828979	-1.053426952
0.153857434	-1.053302665
0.15391584	-1.053195848
0.153944294	-1.053063771
0.153973498	-1.052600443
0.154001952	-1.053207998
0.15405961	-1.053046901
0.154088813	-1.053145089
0.154118016	-1.053295874
0.154175674	-1.053589119
0.154204128	-1.053588919
0.154262534	-1.053343105
0.154290989	-1.052765296
0.154320192	-1.05358277
0.154348646	-1.054169088
0.154406304	-1.05429093
0.154435507	-1.054249983
0.15446471	-1.053629049
0.154493165	-1.05396574
0.154550822	-1.054025826
0.154580026	-1.054114215
0.154637683	-1.053657689
0.154666886	-1.05402941
0.154695341	-1.053658947
0.154753747	-1.054611523
0.154782202	-1.053850468
0.154811405	-1.053795025
0.154839859	-1.053710969
0.154869062	-1.053528417
0.154897517	-1.053343167
0.154955923	-1.053201115
0.154984378	-1.05256594
0.155042035	-1.0525129
0.155071238	-1.052920006
0.155100442	-1.052640699
0.155158099	-1.053320313
0.155186554	-1.052780435
0.155215757	-1.052843586
0.155244211	-1.052816232
0.155302618	-1.053005582
0.155331072	-1.053210902
0.155360275	-1.053543102
0.155417933	-1.053428035
0.155447136	-1.05347517
0.15547559	-1.053952807
0.155504794	-1.053439614
0.155562451	-1.053162275
0.155591654	-1.052870334
0.155649312	-1.053652019
0.155677766	-1.052878805
0.15570697	-1.052995232
0.155735424	-1.053091437
0.155764627	-1.05379145
0.155822285	-1.053823115
0.155851488	-1.053791586
0.155879942	-1.053010835
0.155938349	-1.053690598
0.155966803	-1.053661221
0.155996006	-1.053653697
0.156053664	-1.054392553
0.156082867	-1.053563422
0.156111322	-1.053567653
0.156168979	-1.053862101
0.156198182	-1.053745812
0.156226637	-1.053896704
0.15625584	-1.054073914
0.156313498	-1.053954389
0.156342701	-1.054357434
0.156371155	-1.054552671
0.156400358	-1.053735207
0.156458016	-1.053590919
0.156487219	-1.053626225
0.156544877	-1.053861361
0.156573331	-1.054380949
0.156602534	-1.054177484
0.156631738	-1.054194821
0.156689395	-1.054176253
0.15671785	-1.054337177
0.156747053	-1.05428259
0.15680471	-1.054347602
0.15680471	-1.054181759
0.156862368	-1.053641304
0.156891571	-1.05355091
0.156949229	-1.053650874
0.157006886	-1.054379492
0.15703609	-1.054206064
0.157064544	-1.054639294
0.157093747	-1.054097984
0.157151405	-1.053872111
0.157180608	-1.053645554
0.157209062	-1.054156244
0.157238266	-1.054138413
0.157267469	-1.054301777
0.157295923	-1.054332207
0.157325126	-1.053680523
0.157382784	-1.053638914
0.157411238	-1.053978801
0.157440442	-1.054107254
0.157498099	-1.055057942
0.157527302	-1.054732962
0.157555757	-1.054334356
0.157614163	-1.054467617
0.157642618	-1.055004063
0.157671821	-1.053958136
0.157700275	-1.053599057
0.157729478	-1.054609265
0.157787136	-1.054104642
0.157816339	-1.053808601
0.157844794	-1.054743555
0.157931654	-1.054864768
0.157931654	-1.055090159
0.157960858	-1.054796811
0.158018515	-1.055146511
0.15804697	-1.054808518
0.158105376	-1.054675349
0.158105376	-1.055304316
0.158163034	-1.054989888
0.158191488	-1.055283526
0.158220691	-1.055418989
0.158278349	-1.05472535
0.158307552	-1.054674508
0.158336006	-1.054610869
0.158393664	-1.054281352
0.158422867	-1.055203683
0.15845207	-1.05516237
0.158509728	-1.054808344
0.158538182	-1.054755942
0.158538182	-1.053897629
0.158596589	-1.054445732
0.158654246	-1.054882251
0.158682701	-1.054957492
0.158711904	-1.055514734
0.158740358	-1.055668915
0.158798765	-1.055324922
0.158856422	-1.054714314
0.158884877	-1.054616504
0.15891408	-1.054815008
0.158971738	-1.05444338
0.159000941	-1.054604132
0.159029395	-1.054588808
0.159058598	-1.055295115
0.159087053	-1.054790869
0.159145459	-1.05500899
0.159173914	-1.055005697
0.159203117	-1.055071035
0.159260774	-1.055240982
0.159289978	-1.054995356
0.159318432	-1.055168871
0.15937609	-1.054941355
0.159405293	-1.054883083
0.159434496	-1.055135976
0.15946295	-1.055538748
0.159520608	-1.054942534
0.159520608	-1.054761209
0.159578266	-1.054525783
0.159607469	-1.054776062
0.159665126	-1.054094382
0.15969433	-1.054423002
0.159751987	-1.055706667
0.15978119	-1.055319266
0.159809645	-1.055193544
0.159838848	-1.055325143
0.159867302	-1.055111451
0.15992496	-1.054982963
0.159954163	-1.054965587
0.159983366	-1.055360719
0.160011821	-1.05545418
0.160069478	-1.055599362
0.160098682	-1.056079991
0.160127885	-1.055570833
0.160185542	-1.055398437
0.1602432	-1.05517225
0.1602432	-1.055244286
0.160300858	-1.055075232
0.160330061	-1.055245806
0.160387718	-1.055142958
0.160416173	-1.055876207
0.160445376	-1.056116746
0.160474579	-1.055730183
0.160503034	-1.055844651
0.160560691	-1.055927882
0.160589894	-1.056066884
0.160619098	-1.05579882
0.160676755	-1.056175087
0.16070521	-1.056358264
0.160734413	-1.056295826
0.160763616	-1.05591244
0.160821274	-1.056713278
0.160849728	-1.055775639
0.160907386	-1.055292661
0.160936589	-1.055953638
0.160965792	-1.056245197
0.16102345	-1.056567301
0.161051904	-1.05629836
0.161081107	-1.056273149
0.16111031	-1.056361722
0.161138765	-1.056121451
0.161196422	-1.055968557
0.161225626	-1.0568451
0.16125408	-1.056681135
0.161312486	-1.056813552
0.161340941	-1.056290053
0.161370144	-1.056801401
0.161398598	-1.056612299
0.161457005	-1.056422472
0.161485459	-1.057269278
0.161514662	-1.056516741
0.16157232	-1.056681098
0.161601523	-1.056364484
0.161659181	-1.056142929
0.161687635	-1.056604148
0.161716838	-1.057328064
0.161745293	-1.057330777
0.161774496	-1.056785497
0.161832154	-1.056575694
0.161832154	-1.05671761
0.161889811	-1.056678341
0.161948218	-1.056648101
0.161976672	-1.056562896
0.162005875	-1.056914296
0.162063533	-1.057078688
0.162091987	-1.057041239
0.16212119	-1.057163453
0.162150394	-1.057698001
0.162208051	-1.05678426
0.162236506	-1.056593608
0.162265709	-1.057681228
0.162323366	-1.05659401
0.16235257	-1.056825123
0.162381024	-1.057054366
0.162410227	-1.057699615
0.162467885	-1.057757161
0.162525542	-1.057633036
0.162554746	-1.058087191
0.1625832	-1.05840018
0.162641606	-1.057794911
0.162641606	-1.057518985
0.162699264	-1.057342818
0.162727718	-1.058074094
0.162756922	-1.057754501
0.162814579	-1.05738923
0.162843782	-1.057819386
0.162872237	-1.057901394
0.16290144	-1.057951616
0.162959098	-1.057948687
0.162988301	-1.057315698
0.163045958	-1.057066672
0.163074413	-1.057553906
0.163103616	-1.057997061
0.163132819	-1.057729262
0.163161274	-1.057847803
0.163218931	-1.057705324
0.163248134	-1.058628493
0.163277338	-1.058344322
0.163305792	-1.057982658
0.16336345	-1.058842539
0.163421107	-1.05772662
0.16345031	-1.057673111
0.163507968	-1.05875325
0.163507968	-1.059001082
0.163565626	-1.058807312
0.163594829	-1.058715056
0.163624032	-1.058419421
0.16368169	-1.058288798
0.163710144	-1.058153238
0.163739347	-1.058450038
0.163767802	-1.05916154
0.163826208	-1.058529037
0.163854662	-1.058360791
0.163883866	-1.058606046
0.163941523	-1.058511863
0.163970726	-1.0582231
0.163999181	-1.058419657
0.164056838	-1.058688206
0.164086042	-1.058329614
0.164115245	-1.058329201
0.164143699	-1.05822164
0.164172902	-1.058906218
0.16423056	-1.058828797
0.16423056	-1.058590207
0.164288218	-1.058603232
0.164345875	-1.058287455
0.164375078	-1.058633291
0.164432736	-1.058819927
0.164432736	-1.059207245
0.164490394	-1.059606417
0.164519597	-1.059518949
0.164577254	-1.059041738
0.164606458	-1.059140499
0.164634912	-1.059229066
0.16469257	-1.05967365
0.16469257	-1.059596822
